-59.871, 2.42, 77.82
-59.853, 2.321, 78.202
-59.836, 2.223, 78.763
-59.82, 2.124, 79.128
-59.804, 2.025, 79.664
-59.789, 1.926, 80.013
-59.775, 1.827, 80.526
-59.761, 1.728, 80.859
-59.748, 1.629, 81.349
-59.735, 1.53, 81.668
-59.723, 1.431, 81.589
-59.711, 1.331, 81.435
-59.7, 1.232, 81.28
-59.69, 1.133, 81.125
-59.68, 1.033, 80.969
-59.67, 0.934, 80.813
-59.661, 0.834, 80.657
-59.652, 0.734, 80.501
-59.644, 0.635, 80.344
-59.637, 0.535, 80.187
-59.629, 0.435, 80.03
-59.623, 0.335, 79.872
-59.616, 0.236, 79.714
-59.61, 0.136, 79.556
-59.605, 0.036, 79.398
-59.6, -0.064, 79.239
-59.595, -0.164, 79.08
-59.591, -0.264, 78.92
-59.587, -0.364, 78.76
-59.583, -0.464, 78.6
-59.58, -0.563, 78.44
-59.577, -0.663, 78.279
-59.575, -0.763, 78.118
-59.573, -0.863, 77.956
-59.571, -0.963, 77.795
-59.57, -1.063, 77.632
-59.569, -1.163, 77.47
-59.568, -1.263, 77.307
-59.567, -1.363, 77.144
-59.567, -1.463, 76.98
-59.567, -1.563, 76.817
-59.568, -1.663, 76.652
-59.569, -1.763, 76.488
-59.57, -1.863, 76.323
-59.571, -1.963, 76.158
-59.573, -2.063, 75.992
-59.575, -2.163, 75.826
-59.577, -2.263, 75.66
-59.579, -2.363, 75.493
-59.582, -2.463, 75.326
-59.585, -2.563, 75.158
-59.588, -2.663, 74.991
-59.591, -2.763, 74.822
-59.595, -2.863, 74.654
-59.599, -2.963, 74.485
-59.603, -3.063, 74.315
-59.608, -3.163, 74.146
-59.612, -3.263, 73.976
-59.617, -3.362, 73.805
-59.622, -3.462, 73.634
-59.627, -3.562, 73.463
-59.633, -3.662, 73.291
-59.638, -3.762, 73.119
-59.644, -3.862, 72.947
-59.65, -3.962, 72.774
-59.657, -4.061, 72.6
-59.663, -4.161, 72.426
-59.67, -4.261, 72.252
-59.677, -4.361, 72.078
-59.684, -4.46, 71.903
-59.691, -4.56, 71.727
-59.698, -4.66, 71.551
-59.706, -4.76, 71.375
-59.713, -4.859, 71.198
-59.721, -4.959, 71.021
-59.729, -5.059, 70.843
-59.738, -5.158, 70.665
-59.746, -5.258, 70.487
-59.754, -5.358, 70.308
-59.763, -5.457, 70.128
-59.772, -5.557, 69.949
-59.781, -5.656, 69.768
-59.79, -5.756, 69.587
-59.799, -5.856, 69.406
-59.808, -5.955, 69.224
-59.818, -6.055, 69.042
-59.828, -6.154, 68.859
-59.837, -6.254, 68.676
-59.847, -6.353, 68.492
-59.857, -6.453, 68.308
-59.867, -6.552, 68.123
-59.877, -6.652, 67.938
-59.888, -6.751, 67.752
-59.898, -6.851, 67.566
-59.909, -6.95, 67.379
-59.92, -7.05, 67.192
-59.93, -7.149, 67.004
-59.941, -7.248, 66.816
-59.952, -7.348, 66.627
-59.963, -7.447, 66.438
-59.975, -7.547, 66.248
-59.986, -7.646, 66.057
-59.997, -7.745, 65.866
-60.009, -7.845, 65.675
-60.02, -7.944, 65.483
-60.032, -8.043, 65.29
-60.044, -8.143, 65.097
-60.055, -8.242, 64.903
-60.067, -8.341, 64.709
-60.079, -8.44, 64.514
-60.091, -8.54, 64.318
-60.103, -8.639, 64.122
-60.116, -8.738, 63.925
-60.128, -8.837, 63.727
-60.14, -8.937, 63.529
-60.152, -9.036, 63.331
-60.165, -9.135, 63.132
-60.177, -9.234, 62.932
-60.19, -9.334, 62.731
-60.203, -9.433, 62.53
-60.215, -9.532, 62.328
-60.228, -9.631, 62.126
-60.241, -9.73, 61.922
-60.253, -9.83, 61.719
-60.266, -9.929, 61.514
-60.279, -10.028, 61.309
-60.292, -10.127, 61.103
-60.305, -10.226, 60.897
-60.318, -10.325, 60.689
-60.331, -10.424, 60.481
-60.344, -10.524, 60.273
-60.357, -10.623, 60.063
-60.371, -10.722, 59.853
-60.384, -10.821, 59.642
-60.397, -10.92, 59.431
-60.41, -11.019, 59.218
-60.423, -11.118, 59.005
-60.437, -11.217, 58.791
-60.45, -11.317, 58.576
-60.463, -11.416, 58.361
-60.477, -11.515, 58.145
-60.49, -11.614, 57.927
-60.503, -11.713, 57.71
-60.517, -11.812, 57.491
-60.53, -11.911, 57.271
-60.543, -12.01, 57.051
-60.557, -12.109, 56.83
-60.57, -12.209, 56.607
-60.583, -12.308, 56.384
-60.597, -12.407, 56.16
-60.61, -12.506, 55.936
-60.623, -12.605, 55.71
-60.637, -12.704, 55.483
-60.65, -12.803, 55.256
-60.663, -12.902, 55.027
-60.676, -13.001, 54.798
-60.69, -13.101, 54.567
-60.703, -13.2, 54.336
-60.716, -13.299, 54.104
-60.729, -13.398, 53.87
-60.742, -13.497, 53.636
-60.755, -13.596, 53.4
-60.768, -13.695, 53.164
-60.781, -13.795, 52.926
-60.794, -13.894, 52.688
-60.807, -13.993, 52.448
-60.82, -14.092, 52.207
-60.833, -14.191, 51.965
-60.846, -14.29, 51.722
-60.858, -14.39, 51.478
-60.871, -14.489, 51.233
-60.883, -14.588, 50.986
-60.896, -14.687, 50.738
-60.908, -14.786, 50.49
-60.921, -14.886, 50.239
-60.933, -14.985, 49.988
-60.945, -15.084, 49.735
-60.957, -15.183, 49.481
-60.969, -15.283, 49.226
-60.981, -15.382, 48.969
-60.993, -15.481, 48.711
-61.005, -15.581, 48.452
-61.017, -15.68, 48.191
-61.028, -15.779, 47.929
-61.04, -15.879, 47.665
-61.051, -15.978, 47.4
-61.062, -16.077, 47.134
-61.074, -16.177, 46.866
-61.085, -16.276, 46.596
-61.095, -16.375, 46.325
-61.106, -16.475, 46.052
-61.117, -16.574, 45.778
-61.127, -16.674, 45.502
-61.138, -16.773, 45.224
-61.148, -16.873, 44.944
-61.158, -16.972, 44.663
-61.168, -17.072, 44.38
-61.178, -17.171, 44.095
-61.187, -17.271, 43.809
-61.197, -17.37, 43.52
-61.206, -17.47, 43.23
-61.215, -17.569, 42.937
-61.224, -17.669, 42.643
-61.232, -17.769, 42.346
-61.241, -17.868, 42.048
-61.249, -17.968, 41.747
-61.257, -18.068, 41.444
-61.265, -18.167, 41.139
-61.272, -18.267, 40.831
-61.28, -18.367, 40.522
-61.287, -18.467, 40.209
-61.293, -18.566, 39.895
-61.3, -18.666, 39.578
-61.306, -18.766, 39.258
-61.312, -18.866, 38.936
-61.318, -18.966, 38.611
-61.323, -19.065, 38.283
-61.328, -19.165, 37.953
-61.333, -19.265, 37.619
-61.338, -19.365, 37.283
-61.342, -19.465, 36.943
-61.346, -19.565, 36.6
-61.349, -19.665, 36.255
-61.352, -19.765, 35.905
-61.355, -19.865, 35.553
-61.357, -19.965, 35.196
-61.359, -20.065, 34.837
-61.36, -20.165, 34.473
-61.361, -20.265, 34.106
-61.362, -20.365, 33.734
-61.362, -20.465, 33.359
-61.361, -20.565, 32.979
-61.36, -20.665, 32.594
-61.358, -20.765, 32.205
-61.356, -20.865, 31.812
-61.354, -20.965, 31.413
-61.35, -21.065, 31.01
-61.346, -21.165, 30.601
-61.342, -21.264, 30.186
-61.337, -21.364, 29.766
-61.331, -21.464, 29.339
-61.324, -21.564, 28.907
-61.316, -21.664, 28.467
-61.308, -21.763, 28.021
-61.299, -21.863, 27.568
-61.289, -21.962, 27.107
-61.278, -22.062, 26.638
-61.266, -22.161, 26.161
-61.253, -22.26, 25.675
-61.239, -22.359, 25.179
-61.224, -22.458, 24.674
-61.208, -22.557, 24.158
-61.19, -22.655, 23.63
-61.172, -22.753, 23.091
-61.152, -22.851, 22.539
-61.13, -22.949, 21.973
-61.107, -23.046, 21.392
-61.082, -23.143, 20.794
-61.056, -23.24, 20.179
-61.028, -23.336, 19.545
-60.998, -23.431, 18.889
-60.967, -23.526, 18.21
-60.933, -23.62, 17.504
-60.897, -23.713, 16.769
-60.858, -23.806, 16
-60.818, -23.897, 16
-60.775, -23.987, 16
-60.729, -24.076, 16
-60.68, -24.164, 16
-60.629, -24.249, 16
-60.574, -24.333, 16
-60.517, -24.415, 16
-60.456, -24.494, 16
-60.392, -24.571, 16
-60.325, -24.645, 16
-60.254, -24.716, 16
-60.181, -24.784, 16
-60.104, -24.848, 16
-60.024, -24.908, 16
-59.941, -24.964, 16
-59.855, -25.015, 16
-59.767, -25.062, 16
-59.677, -25.105, 16
-59.584, -25.143, 16
-59.49, -25.177, 16
-59.394, -25.206, 16
-59.298, -25.231, 16
-59.2, -25.252, 16
-59.101, -25.269, 16
-59.002, -25.281, 16
-58.902, -25.29, 16
-58.803, -25.296, 16
-58.703, -25.298, 16
-58.603, -25.297, 16
-58.503, -25.293, 16
-58.403, -25.287, 16
-58.303, -25.277, 18.367
-58.204, -25.265, 23.45
-58.105, -25.251, 28.277
-58.045, -25.201, 86.792
-58.04, -25.101, 86.797
-58.034, -25.001, 86.802
-58.028, -24.901, 86.81
-58.022, -24.802, 86.815
-58.015, -24.702, 86.82
-58.008, -24.602, 86.826
-58.001, -24.502, 86.831
-57.993, -24.403, 86.837
-57.985, -24.303, 86.843
-57.976, -24.203, 86.849
-57.967, -24.104, 86.855
-57.957, -24.004, 86.861
-57.947, -23.905, 86.867
-57.937, -23.805, 86.873
-57.926, -23.706, 86.879
-57.915, -23.606, 86.885
-57.904, -23.507, 86.892
-57.892, -23.408, 86.898
-57.88, -23.309, 86.908
-57.867, -23.209, 86.915
-57.854, -23.11, 86.921
-57.841, -23.011, 86.928
-57.827, -22.912, 86.935
-57.813, -22.813, 86.942
-57.798, -22.714, 86.949
-57.783, -22.615, 86.956
-57.768, -22.516, 86.963
-57.752, -22.418, 86.97
-57.736, -22.319, 86.977
-57.719, -22.22, 86.984
-57.702, -22.122, 86.991
-57.685, -22.023, 86.998
-57.667, -21.925, 87.009
-57.649, -21.827, 87.016
-57.631, -21.728, 87.024
-57.612, -21.63, 87.031
-57.593, -21.532, 87.038
-57.573, -21.434, 87.046
-57.553, -21.336, 87.053
-57.532, -21.238, 87.06
-57.512, -21.14, 87.068
-57.49, -21.043, 87.075
-57.469, -20.945, 87.083
-57.447, -20.847, 87.09
-57.425, -20.75, 87.101
-57.402, -20.652, 87.109
-57.379, -20.555, 87.116
-57.355, -20.458, 87.124
-57.332, -20.361, 87.131
-57.307, -20.264, 87.139
-57.283, -20.167, 87.146
-57.258, -20.07, 87.153
-57.233, -19.973, 87.161
-57.207, -19.877, 87.168
-57.181, -19.78, 87.176
-57.154, -19.684, 87.183
-57.127, -19.587, 87.194
-57.1, -19.491, 87.201
-57.073, -19.395, 87.209
-57.045, -19.299, 87.216
-57.016, -19.203, 87.223
-56.988, -19.107, 87.23
-56.959, -19.012, 87.237
-56.929, -18.916, 87.245
-56.899, -18.821, 87.252
-56.869, -18.725, 87.259
-56.839, -18.63, 87.266
-56.808, -18.535, 87.276
-56.776, -18.44, 87.283
-56.745, -18.345, 87.29
-56.713, -18.25, 87.297
-56.68, -18.156, 87.304
-56.648, -18.061, 87.311
-56.615, -17.967, 87.317
-56.581, -17.873, 87.324
-56.547, -17.779, 87.331
-56.513, -17.685, 87.337
-56.479, -17.591, 87.344
-56.444, -17.497, 87.353
-56.408, -17.403, 87.36
-56.373, -17.31, 87.366
-56.337, -17.217, 87.372
-56.301, -17.123, 87.378
-56.264, -17.03, 87.384
-56.227, -16.938, 87.391
-56.189, -16.845, 87.358
-56.152, -16.752, 87.214
-56.114, -16.66, 87.069
-56.075, -16.567, 86.924
-56.036, -16.475, 86.779
-55.997, -16.383, 86.634
-55.958, -16.291, 86.489
-55.918, -16.2, 86.343
-55.878, -16.108, 86.197
-55.837, -16.017, 86.05
-55.796, -15.925, 85.904
-55.755, -15.834, 85.757
-55.714, -15.743, 85.61
-55.672, -15.653, 85.463
-55.629, -15.562, 85.315
-55.587, -15.471, 85.167
-55.544, -15.381, 85.019
-55.501, -15.291, 84.871
-55.457, -15.201, 84.722
-55.413, -15.111, 84.573
-55.369, -15.022, 84.424
-55.324, -14.932, 84.275
-55.279, -14.843, 84.125
-55.234, -14.754, 83.975
-55.188, -14.665, 83.825
-55.142, -14.576, 83.675
-55.096, -14.487, 83.524
-55.049, -14.399, 83.373
-55.002, -14.311, 83.222
-54.955, -14.222, 83.07
-54.907, -14.135, 82.918
-54.859, -14.047, 82.766
-54.811, -13.959, 82.614
-54.762, -13.872, 82.461
-54.713, -13.785, 82.308
-54.664, -13.698, 82.155
-54.614, -13.611, 82.002
-54.564, -13.524, 81.848
-54.514, -13.438, 81.694
-54.463, -13.352, 81.539
-54.412, -13.266, 81.385
-54.361, -13.18, 81.23
-54.31, -13.094, 81.074
-54.258, -13.009, 80.919
-54.205, -12.923, 80.763
-54.153, -12.838, 80.607
-54.1, -12.753, 80.45
-54.047, -12.669, 80.294
-53.993, -12.584, 80.137
-53.94, -12.5, 79.979
-53.885, -12.416, 79.821
-53.831, -12.332, 79.663
-53.776, -12.248, 79.505
-53.721, -12.165, 79.346
-53.666, -12.081, 79.188
-53.61, -11.998, 79.028
-53.554, -11.916, 78.869
-53.498, -11.833, 78.709
-53.441, -11.75, 78.548
-53.384, -11.668, 78.388
-53.327, -11.586, 78.227
-53.269, -11.504, 78.066
-53.212, -11.423, 77.904
-53.153, -11.342, 77.742
-53.095, -11.26, 77.58
-53.036, -11.18, 77.417
-52.977, -11.099, 77.255
-52.918, -11.018, 77.091
-52.858, -10.938, 76.928
-52.798, -10.858, 76.764
-52.738, -10.778, 76.599
-52.677, -10.699, 76.435
-52.616, -10.619, 76.27
-52.555, -10.54, 76.104
-52.494, -10.461, 75.939
-52.432, -10.383, 75.772
-52.37, -10.304, 75.606
-52.308, -10.226, 75.439
-52.245, -10.148, 75.272
-52.182, -10.071, 75.104
-52.119, -9.993, 74.936
-52.055, -9.916, 74.768
-51.991, -9.839, 74.599
-51.927, -9.762, 74.43
-51.863, -9.686, 74.261
-51.798, -9.609, 74.091
-51.733, -9.533, 73.921
-51.668, -9.457, 73.75
-51.602, -9.382, 73.579
-51.537, -9.307, 73.408
-51.471, -9.232, 73.236
-51.404, -9.157, 73.063
-51.338, -9.082, 72.891
-51.271, -9.008, 72.718
-51.203, -8.934, 72.544
-51.136, -8.86, 72.37
-51.068, -8.787, 72.196
-51, -8.713, 72.021
-50.932, -8.64, 71.846
-50.863, -8.568, 71.671
-50.794, -8.495, 71.495
-50.725, -8.423, 71.318
-50.656, -8.351, 71.141
-50.586, -8.279, 70.964
-50.516, -8.208, 70.786
-50.446, -8.137, 70.608
-50.375, -8.066, 70.429
-50.305, -7.995, 70.25
-50.233, -7.925, 70.07
-50.162, -7.854, 69.89
-50.091, -7.785, 69.71
-50.019, -7.715, 69.529
-49.947, -7.646, 69.347
-49.874, -7.577, 69.165
-49.802, -7.508, 68.983
-49.729, -7.44, 68.8
-49.656, -7.371, 68.617
-49.582, -7.303, 68.433
-49.509, -7.236, 68.249
-49.435, -7.168, 68.064
-49.36, -7.101, 67.878
-49.286, -7.035, 67.692
-49.211, -6.968, 67.506
-49.136, -6.902, 67.319
-49.061, -6.836, 67.132
-48.986, -6.77, 66.944
-48.91, -6.705, 66.755
-48.834, -6.64, 66.566
-48.758, -6.575, 66.377
-48.682, -6.511, 66.187
-48.605, -6.446, 65.996
-48.528, -6.383, 65.805
-48.451, -6.319, 65.613
-48.373, -6.256, 65.421
-48.296, -6.193, 65.228
-48.218, -6.13, 65.034
-48.14, -6.068, 64.84
-48.061, -6.005, 64.646
-47.983, -5.944, 64.45
-47.904, -5.882, 64.255
-47.825, -5.821, 64.058
-47.745, -5.76, 63.861
-47.666, -5.699, 63.664
-47.586, -5.639, 63.465
-47.506, -5.579, 63.267
-47.426, -5.52, 63.067
-47.345, -5.46, 62.867
-47.265, -5.401, 62.666
-47.184, -5.342, 62.465
-47.102, -5.284, 62.263
-47.021, -5.226, 62.06
-46.939, -5.168, 61.857
-46.858, -5.111, 61.653
-46.776, -5.054, 61.448
-46.693, -4.997, 61.243
-46.611, -4.94, 61.037
-46.528, -4.884, 60.83
-46.445, -4.828, 60.622
-46.362, -4.773, 60.414
-46.278, -4.718, 60.205
-46.195, -4.663, 59.996
-46.111, -4.608, 59.785
-46.027, -4.554, 59.574
-45.943, -4.5, 59.362
-45.858, -4.446, 59.15
-45.774, -4.393, 58.936
-45.689, -4.34, 58.722
-45.604, -4.288, 58.507
-45.519, -4.235, 58.291
-45.433, -4.184, 58.075
-45.347, -4.132, 57.857
-45.261, -4.081, 57.639
-45.175, -4.03, 57.42
-45.089, -3.979, 57.2
-45.003, -3.929, 56.98
-44.916, -3.879, 56.758
-44.829, -3.83, 56.536
-44.742, -3.781, 56.312
-44.655, -3.732, 56.088
-44.567, -3.683, 55.863
-44.48, -3.635, 55.637
-44.392, -3.587, 55.41
-44.304, -3.54, 55.182
-44.216, -3.493, 54.953
-44.127, -3.446, 54.724
-44.039, -3.4, 54.493
-43.95, -3.354, 54.261
-43.861, -3.308, 54.028
-43.772, -3.263, 53.795
-43.682, -3.218, 53.56
-43.593, -3.173, 53.324
-43.503, -3.129, 53.087
-43.413, -3.085, 52.849
-43.323, -3.041, 52.611
-43.233, -2.998, 52.37
-43.143, -2.955, 52.129
-43.052, -2.913, 51.887
-42.962, -2.871, 51.644
-42.871, -2.829, 51.399
-42.78, -2.788, 51.153
-42.688, -2.747, 50.906
-42.597, -2.706, 50.658
-42.506, -2.666, 50.409
-42.414, -2.626, 50.158
-42.322, -2.586, 49.907
-42.23, -2.547, 49.653
-42.138, -2.508, 49.399
-42.046, -2.47, 49.143
-41.953, -2.432, 48.886
-41.86, -2.394, 48.628
-41.768, -2.357, 48.368
-41.675, -2.32, 48.107
-41.582, -2.283, 47.844
-41.488, -2.247, 47.58
-41.395, -2.211, 47.315
-41.302, -2.176, 47.048
-41.208, -2.141, 46.779
-41.114, -2.106, 46.509
-41.02, -2.072, 46.237
-40.926, -2.038, 45.964
-40.832, -2.004, 45.689
-40.738, -1.971, 45.412
-40.643, -1.938, 45.134
-40.548, -1.906, 44.854
-40.454, -1.874, 44.572
-40.359, -1.842, 44.288
-40.264, -1.811, 44.003
-40.169, -1.78, 43.716
-40.073, -1.75, 43.427
-39.978, -1.72, 43.135
-39.883, -1.69, 42.842
-39.787, -1.661, 42.547
-39.691, -1.632, 42.25
-39.595, -1.603, 41.951
-39.499, -1.575, 41.649
-39.403, -1.547, 41.346
-39.307, -1.52, 41.04
-39.211, -1.493, 40.732
-39.115, -1.466, 40.421
-39.018, -1.44, 40.108
-38.921, -1.414, 39.793
-38.825, -1.389, 39.475
-38.728, -1.364, 39.154
-38.631, -1.339, 38.831
-38.534, -1.315, 38.505
-38.437, -1.291, 38.177
-38.34, -1.268, 37.845
-38.242, -1.245, 37.511
-38.145, -1.222, 37.173
-38.047, -1.2, 36.833
-37.95, -1.178, 36.489
-37.852, -1.157, 36.142
-37.754, -1.136, 35.792
-37.656, -1.115, 35.438
-37.559, -1.095, 35.081
-37.461, -1.075, 34.72
-37.362, -1.056, 34.355
-37.264, -1.037, 33.986
-37.166, -1.018, 33.614
-37.068, -1, 33.237
-36.969, -0.982, 32.855
-36.871, -0.965, 32.47
-36.772, -0.947, 32.079
-36.674, -0.931, 31.684
-36.575, -0.915, 31.284
-36.476, -0.899, 30.878
-36.377, -0.883, 30.468
-36.279, -0.868, 30.051
-36.18, -0.854, 29.629
-36.081, -0.839, 29.201
-35.982, -0.826, 28.766
-35.883, -0.812, 28.324
-35.783, -0.799, 27.876
-35.684, -0.787, 27.42
-35.585, -0.774, 26.957
-35.486, -0.762, 26.485
-35.386, -0.751, 26.005
-35.287, -0.74, 25.516
-35.188, -0.729, 25.017
-35.088, -0.719, 24.509
-34.989, -0.709, 23.989
-34.889, -0.7, 23.458
-34.789, -0.691, 22.914
-34.69, -0.682, 22.358
-34.59, -0.674, 21.787
-34.49, -0.666, 21.201
-34.391, -0.659, 20.598
-34.291, -0.652, 19.977
-34.191, -0.645, 19.336
-34.091, -0.639, 18.673
-33.991, -0.633, 17.985
-33.892, -0.628, 17.27
-33.792, -0.623, 16.525
-33.733, -0.657, 16
-33.743, -0.757, 19.159
-33.749, -0.856, 26.615
-33.754, -0.956, 33.316
-33.757, -1.056, 38.183
-33.758, -1.156, 43.709
-33.757, -1.256, 47.725
-33.754, -1.356, 52.29
-33.75, -1.456, 55.612
-33.745, -1.556, 58.67
-33.738, -1.656, 61.486
-33.73, -1.755, 64.082
-33.721, -1.855, 66.478
-33.711, -1.955, 68.691
-33.7, -2.054, 70.737
-33.689, -2.153, 72.172
-33.676, -2.252, 73.703
-33.663, -2.352, 73.532
-33.649, -2.451, 73.36
-33.634, -2.549, 73.188
-33.618, -2.648, 73.016
-33.602, -2.747, 72.843
-33.585, -2.846, 72.67
-33.568, -2.944, 72.496
-33.55, -3.042, 72.322
-33.532, -3.141, 72.148
-33.513, -3.239, 71.973
-33.494, -3.337, 71.798
-33.474, -3.435, 71.622
-33.454, -3.533, 71.446
-33.434, -3.631, 71.269
-33.413, -3.729, 71.092
-33.392, -3.827, 70.915
-33.371, -3.924, 70.737
-33.349, -4.022, 70.558
-33.327, -4.119, 70.38
-33.304, -4.217, 70.2
-33.282, -4.314, 70.021
-33.259, -4.412, 69.841
-33.236, -4.509, 69.66
-33.212, -4.606, 69.479
-33.189, -4.703, 69.297
-33.165, -4.8, 69.115
-33.141, -4.898, 68.933
-33.117, -4.995, 68.75
-33.093, -5.092, 68.566
-33.068, -5.189, 68.382
-33.043, -5.285, 68.197
-33.018, -5.382, 68.012
-32.993, -5.479, 67.827
-32.968, -5.576, 67.641
-32.943, -5.673, 67.454
-32.918, -5.769, 67.267
-32.892, -5.866, 67.08
-32.866, -5.963, 66.892
-32.841, -6.059, 66.703
-32.815, -6.156, 66.514
-32.789, -6.253, 66.324
-32.763, -6.349, 66.134
-32.737, -6.446, 65.943
-32.711, -6.542, 65.752
-32.684, -6.639, 65.56
-32.658, -6.735, 65.367
-32.632, -6.832, 65.174
-32.605, -6.928, 64.981
-32.579, -7.024, 64.787
-32.552, -7.121, 64.592
-32.526, -7.217, 64.396
-32.499, -7.314, 64.2
-32.473, -7.41, 64.004
-32.446, -7.506, 63.807
-32.419, -7.603, 63.609
-32.393, -7.699, 63.411
-32.366, -7.796, 63.212
-32.339, -7.892, 63.012
-32.313, -7.988, 62.812
-32.286, -8.085, 62.611
-32.259, -8.181, 62.409
-32.233, -8.278, 62.207
-32.206, -8.374, 62.004
-32.18, -8.47, 61.8
-32.153, -8.567, 61.596
-32.126, -8.663, 61.391
-32.1, -8.76, 61.186
-32.073, -8.856, 60.979
-32.047, -8.952, 60.772
-32.02, -9.049, 60.565
-31.994, -9.145, 60.356
-31.968, -9.242, 60.147
-31.941, -9.338, 59.937
-31.915, -9.435, 59.727
-31.889, -9.531, 59.516
-31.863, -9.628, 59.303
-31.837, -9.724, 59.091
-31.811, -9.821, 58.877
-31.785, -9.917, 58.663
-31.759, -10.014, 58.447
-31.733, -10.111, 58.231
-31.708, -10.207, 58.015
-31.682, -10.304, 57.797
-31.657, -10.401, 57.579
-31.631, -10.497, 57.359
-31.606, -10.594, 57.139
-31.581, -10.691, 56.918
-31.556, -10.788, 56.697
-31.531, -10.885, 56.474
-31.506, -10.981, 56.25
-31.481, -11.078, 56.026
-31.457, -11.175, 55.801
-31.432, -11.272, 55.574
-31.408, -11.369, 55.347
-31.384, -11.466, 55.119
-31.36, -11.563, 54.89
-31.336, -11.66, 54.66
-31.312, -11.758, 54.429
-31.288, -11.855, 54.197
-31.265, -11.952, 53.964
-31.242, -12.049, 53.73
-31.218, -12.147, 53.495
-31.196, -12.244, 53.259
-31.173, -12.341, 53.022
-31.15, -12.439, 52.783
-31.128, -12.536, 52.544
-31.106, -12.634, 52.304
-31.084, -12.731, 52.062
-31.062, -12.829, 51.82
-31.04, -12.926, 51.576
-31.019, -13.024, 51.331
-30.998, -13.122, 51.085
-30.977, -13.22, 50.838
-30.956, -13.317, 50.589
-30.935, -13.415, 50.34
-30.915, -13.513, 50.089
-30.895, -13.611, 49.837
-30.875, -13.709, 49.583
-30.856, -13.807, 49.328
-30.837, -13.905, 49.072
-30.818, -14.004, 48.815
-30.799, -14.102, 48.556
-30.78, -14.2, 48.296
-30.762, -14.298, 48.034
-30.744, -14.397, 47.771
-30.727, -14.495, 47.507
-30.71, -14.594, 47.241
-30.693, -14.692, 46.973
-30.676, -14.791, 46.704
-30.66, -14.89, 46.434
-30.644, -14.988, 46.162
-30.628, -15.087, 45.888
-30.613, -15.186, 45.612
-30.598, -15.285, 45.335
-30.584, -15.384, 45.057
-30.57, -15.483, 44.776
-30.556, -15.582, 44.494
-30.543, -15.681, 44.21
-30.53, -15.78, 43.924
-30.518, -15.879, 43.636
-30.506, -15.979, 43.346
-30.494, -16.078, 43.055
-30.483, -16.177, 42.761
-30.473, -16.277, 42.465
-30.463, -16.376, 42.167
-30.453, -16.476, 41.868
-30.444, -16.576, 41.566
-30.435, -16.675, 41.261
-30.427, -16.775, 40.955
-30.42, -16.875, 40.646
-30.413, -16.974, 40.335
-30.407, -17.074, 40.021
-30.401, -17.174, 39.705
-30.396, -17.274, 39.387
-30.391, -17.374, 39.065
-30.388, -17.474, 38.741
-30.385, -17.574, 38.415
-30.382, -17.674, 38.085
-30.38, -17.774, 37.753
-30.379, -17.874, 37.418
-30.379, -17.974, 37.08
-30.38, -18.074, 36.738
-30.381, -18.174, 36.394
-30.383, -18.274, 36.046
-30.386, -18.373, 35.695
-30.39, -18.473, 35.34
-30.395, -18.573, 34.981
-30.4, -18.673, 34.619
-30.407, -18.773, 34.253
-30.414, -18.873, 33.884
-30.423, -18.972, 33.51
-30.433, -19.072, 33.132
-30.443, -19.171, 32.749
-30.455, -19.271, 32.362
-30.468, -19.37, 31.97
-30.482, -19.469, 31.574
-30.497, -19.568, 31.172
-30.514, -19.666, 30.765
-30.531, -19.765, 30.353
-30.55, -19.863, 29.935
-30.571, -19.961, 29.511
-30.592, -20.058, 29.081
-30.616, -20.156, 28.644
-30.64, -20.252, 28.201
-30.666, -20.349, 27.751
-30.694, -20.445, 27.293
-30.723, -20.541, 26.827
-30.754, -20.636, 26.353
-30.787, -20.73, 25.871
-30.821, -20.824, 25.379
-30.857, -20.918, 24.878
-30.895, -21.01, 24.366
-30.934, -21.102, 23.843
-30.976, -21.193, 23.309
-31.019, -21.283, 22.762
-31.064, -21.372, 22.201
-31.111, -21.461, 21.627
-31.16, -21.548, 21.036
-31.211, -21.634, 20.428
-31.264, -21.719, 19.802
-31.319, -21.802, 19.155
-31.376, -21.884, 18.485
-31.435, -21.965, 17.791
-31.496, -22.044, 17.068
-31.559, -22.122, 16.313
-31.624, -22.198, 16
-31.691, -22.273, 16
-31.759, -22.345, 16
-31.83, -22.416, 16
-31.902, -22.485, 16
-31.976, -22.553, 16
-32.052, -22.618, 16
-32.129, -22.681, 16
-32.208, -22.742, 16.518
-32.289, -22.802, 17.477
-32.371, -22.859, 18.318
-32.454, -22.914, 19.592
-32.539, -22.967, 20.655
-32.625, -23.018, 22.205
-32.712, -23.068, 23.458
-32.8, -23.115, 25.238
-32.89, -23.16, 26.646
-32.98, -23.203, 28.107
-33.071, -23.244, 30.129
-33.163, -23.283, 31.691
-33.256, -23.32, 33.284
-33.349, -23.355, 34.901
-33.444, -23.389, 37.085
-33.539, -23.42, 38.736
-33.634, -23.45, 40.392
-33.73, -23.478, 42.047
-33.826, -23.505, 43.697
-33.923, -23.53, 45.337
-34.021, -23.553, 46.963
-34.118, -23.574, 48.571
-34.216, -23.594, 50.158
-34.314, -23.613, 51.721
-34.413, -23.63, 52.748
-34.512, -23.646, 54.265
-34.611, -23.66, 55.752
-34.71, -23.673, 57.207
-34.809, -23.685, 58.158
-34.909, -23.695, 59.557
-35.008, -23.705, 60.92
-35.108, -23.713, 61.809
-35.208, -23.72, 63.112
-35.22, -23.671, 99.83
-35.172, -23.584, 99.822
-35.123, -23.496, 99.818
-35.075, -23.409, 99.81
-35.026, -23.321, 99.805
-34.978, -23.234, 99.801
-34.929, -23.146, 99.793
-34.881, -23.059, 99.789
-34.832, -22.972, 99.78
-34.784, -22.884, 99.775
-34.735, -22.797, 99.771
-34.687, -22.709, 99.762
-34.638, -22.622, 99.758
-34.59, -22.534, 99.748
-34.541, -22.447, 99.744
-34.493, -22.359, 99.735
-34.444, -22.272, 99.73
-34.396, -22.184, 99.72
-34.347, -22.097, 99.715
-34.299, -22.01, 99.706
-34.25, -21.922, 99.701
-34.202, -21.835, 99.696
-34.153, -21.747, 99.686
-34.105, -21.66, 99.681
-34.057, -21.572, 99.67
-34.008, -21.485, 99.665
-33.96, -21.397, 99.654
-33.911, -21.31, 99.649
-33.863, -21.222, 99.638
-33.815, -21.134, 99.633
-33.766, -21.047, 99.622
-33.718, -20.959, 99.616
-33.67, -20.872, 99.605
-33.621, -20.784, 99.599
-33.573, -20.697, 99.588
-33.525, -20.609, 99.582
-33.476, -20.522, 99.57
-33.428, -20.434, 99.558
-33.38, -20.346, 99.552
-33.332, -20.259, 99.54
-33.283, -20.171, 99.534
-33.235, -20.084, 99.522
-33.187, -19.996, 99.515
-33.139, -19.908, 99.503
-33.091, -19.821, 99.496
-33.042, -19.733, 99.483
-32.994, -19.646, 99.47
-32.946, -19.558, 99.463
-32.898, -19.47, 99.45
-32.85, -19.383, 99.443
-32.802, -19.295, 99.429
-32.754, -19.207, 99.423
-32.705, -19.12, 99.409
-32.657, -19.032, 99.394
-32.609, -18.944, 99.387
-32.561, -18.857, 99.373
-32.513, -18.769, 99.358
-32.465, -18.681, 99.35
-32.417, -18.593, 99.335
-32.369, -18.506, 99.328
-32.321, -18.418, 99.312
-32.273, -18.33, 99.297
-32.226, -18.242, 99.289
-32.178, -18.155, 99.273
-32.13, -18.067, 99.257
-32.082, -17.979, 99.249
-32.034, -17.891, 99.232
-31.986, -17.803, 99.216
-31.938, -17.715, 99.207
-31.891, -17.628, 99.19
-31.843, -17.54, 99.173
-31.795, -17.452, 99.165
-31.748, -17.364, 99.147
-31.7, -17.276, 99.129
-31.652, -17.188, 99.12
-31.605, -17.1, 99.102
-31.557, -17.012, 99.084
-31.509, -16.924, 99.065
-31.462, -16.836, 99.056
-31.414, -16.748, 99.037
-31.367, -16.66, 99.017
-31.319, -16.572, 98.998
-31.272, -16.484, 98.988
-31.224, -16.396, 98.968
-31.177, -16.308, 98.948
-31.13, -16.22, 98.927
-31.082, -16.132, 98.917
-31.035, -16.044, 98.896
-30.988, -15.956, 98.875
-30.94, -15.868, 98.854
-30.893, -15.78, 98.843
-30.846, -15.692, 98.821
-30.799, -15.603, 98.799
-30.752, -15.515, 98.777
-30.704, -15.427, 98.754
-30.657, -15.339, 98.743
-30.61, -15.25, 98.72
-30.563, -15.162, 98.697
-30.516, -15.074, 98.673
-30.469, -14.986, 98.649
-30.423, -14.897, 98.625
-30.376, -14.809, 98.613
-30.329, -14.721, 98.588
-30.282, -14.632, 98.563
-30.235, -14.544, 98.538
-30.189, -14.455, 98.513
-30.142, -14.367, 98.487
-30.095, -14.279, 98.461
-30.049, -14.19, 98.434
-30.002, -14.102, 98.421
-29.956, -14.013, 98.394
-29.909, -13.924, 98.367
-29.863, -13.836, 98.339
-29.816, -13.747, 98.311
-29.77, -13.659, 98.283
-29.724, -13.57, 98.254
-29.678, -13.481, 98.225
-29.631, -13.393, 98.196
-29.585, -13.304, 98.166
-29.539, -13.215, 98.137
-29.493, -13.126, 98.106
-29.447, -13.038, 98.076
-29.401, -12.949, 98.045
-29.355, -12.86, 98.013
-29.309, -12.771, 97.982
-29.264, -12.682, 97.95
-29.218, -12.593, 97.917
-29.172, -12.504, 97.885
-29.127, -12.415, 97.852
-29.081, -12.326, 97.818
-29.036, -12.237, 97.784
-28.99, -12.148, 97.75
-28.945, -12.059, 97.716
-28.899, -11.97, 97.681
-28.854, -11.881, 97.646
-28.809, -11.792, 97.61
-28.764, -11.702, 97.574
-28.719, -11.613, 97.538
-28.674, -11.524, 97.501
-28.629, -11.434, 97.464
-28.584, -11.345, 97.407
-28.539, -11.256, 97.369
-28.494, -11.166, 97.331
-28.45, -11.077, 97.292
-28.405, -10.987, 97.252
-28.361, -10.898, 97.213
-28.316, -10.808, 97.173
-28.272, -10.718, 97.112
-28.228, -10.629, 97.071
-28.183, -10.539, 97.029
-28.139, -10.449, 96.988
-28.095, -10.36, 96.945
-28.051, -10.27, 96.881
-28.007, -10.18, 96.838
-27.964, -10.09, 96.795
-27.92, -10, 96.751
-27.876, -9.91, 96.706
-27.833, -9.82, 96.639
-27.789, -9.73, 96.593
-27.746, -9.64, 96.548
-27.703, -9.55, 96.501
-27.66, -9.459, 96.431
-27.617, -9.369, 96.384
-27.574, -9.279, 96.337
-27.531, -9.188, 96.265
-27.488, -9.098, 96.216
-27.445, -9.008, 96.167
-27.403, -8.917, 96.093
-27.361, -8.827, 96.043
-27.318, -8.736, 95.993
-27.276, -8.645, 95.916
-27.234, -8.555, 95.865
-27.192, -8.464, 95.813
-27.15, -8.373, 95.735
-27.108, -8.282, 95.683
-27.067, -8.191, 95.63
-27.025, -8.1, 95.549
-26.984, -8.009, 95.495
-26.942, -7.918, 95.414
-26.901, -7.827, 95.359
-26.86, -7.736, 95.276
-26.819, -7.645, 95.22
-26.779, -7.553, 95.164
-26.738, -7.462, 95.08
-26.697, -7.37, 95.023
-26.657, -7.279, 94.937
-26.617, -7.187, 94.879
-26.577, -7.096, 94.792
-26.537, -7.004, 94.733
-26.497, -6.912, 94.645
-26.457, -6.821, 94.585
-26.418, -6.729, 94.496
-26.379, -6.637, 94.406
-26.34, -6.545, 94.345
-26.3, -6.453, 94.254
-26.262, -6.36, 94.193
-26.223, -6.268, 94.101
-26.184, -6.176, 94.039
-26.146, -6.084, 93.946
-26.108, -5.991, 93.853
-26.07, -5.899, 93.79
-26.032, -5.806, 93.696
-25.994, -5.714, 93.601
-25.957, -5.621, 93.538
-25.919, -5.528, 93.443
-25.882, -5.435, 93.347
-25.845, -5.342, 93.283
-25.809, -5.249, 93.187
-25.772, -5.156, 93.091
-25.736, -5.063, 93.027
-25.699, -4.97, 92.93
-25.664, -4.877, 92.834
-25.628, -4.783, 92.737
-25.592, -4.69, 92.672
-25.557, -4.596, 92.575
-25.522, -4.503, 92.479
-25.487, -4.409, 92.382
-25.452, -4.315, 92.317
-25.417, -4.221, 92.221
-25.383, -4.127, 92.125
-25.349, -4.033, 92.028
-25.315, -3.939, 91.933
-25.282, -3.845, 91.869
-25.248, -3.751, 91.774
-25.215, -3.656, 91.679
-25.182, -3.562, 91.585
-25.15, -3.467, 91.491
-25.117, -3.373, 91.398
-25.085, -3.278, 91.305
-25.053, -3.183, 91.213
-25.021, -3.089, 91.153
-24.99, -2.994, 91.062
-24.959, -2.899, 90.972
-24.928, -2.803, 90.883
-24.897, -2.708, 90.795
-24.867, -2.613, 90.709
-24.837, -2.518, 90.623
-24.807, -2.422, 90.538
-24.777, -2.327, 90.455
-24.748, -2.231, 90.372
-24.719, -2.135, 90.291
-24.69, -2.04, 90.212
-24.662, -1.944, 90.134
-24.634, -1.848, 90.057
-24.606, -1.752, 89.982
-24.578, -1.656, 89.908
-24.551, -1.559, 89.836
-24.524, -1.463, 89.766
-24.497, -1.367, 89.698
-24.471, -1.27, 89.631
-24.444, -1.174, 89.566
-24.419, -1.077, 89.504
-24.393, -0.981, 89.443
-24.368, -0.884, 89.384
-24.343, -0.787, 89.327
-24.319, -0.69, 89.272
-24.294, -0.593, 89.22
-24.27, -0.496, 89.153
-24.247, -0.399, 89.106
-24.223, -0.301, 89.061
-24.201, -0.204, 89.018
-24.178, -0.107, 88.978
-24.156, -0.009, 88.94
-24.134, 0.088, 88.905
-24.112, 0.186, 88.872
-24.091, 0.284, 88.842
-24.069, 0.381, 88.814
-24.049, 0.479, 88.781
-24.028, 0.577, 88.759
-24.008, 0.675, 88.74
-23.989, 0.773, 88.723
-23.969, 0.871, 88.71
-23.95, 0.969, 88.699
-23.932, 1.068, 88.69
-23.913, 1.166, 88.683
-23.895, 1.264, 88.681
-23.878, 1.363, 88.682
-23.86, 1.461, 88.685
-23.843, 1.56, 88.691
-23.827, 1.658, 88.7
-23.81, 1.757, 88.712
-23.794, 1.856, 88.732
-23.779, 1.955, 88.75
-23.763, 2.053, 88.77
-23.748, 2.152, 88.794
-23.734, 2.251, 88.82
-23.719, 2.35, 88.848
-23.706, 2.449, 88.879
-23.692, 2.548, 88.925
-23.679, 2.647, 88.962
-23.666, 2.747, 89.002
-23.653, 2.846, 89.044
-23.641, 2.945, 89.089
-23.629, 3.044, 89.136
-23.617, 3.144, 89.186
-23.606, 3.243, 89.256
-23.595, 3.342, 89.311
-23.584, 3.442, 89.368
-23.574, 3.541, 89.428
-23.563, 3.641, 89.489
-23.554, 3.74, 89.553
-23.544, 3.84, 89.619
-23.535, 3.939, 89.687
-23.526, 4.039, 89.781
-23.518, 4.139, 89.853
-23.51, 4.238, 89.928
-23.502, 4.338, 90.004
-23.494, 4.438, 90.082
-23.487, 4.537, 90.161
-23.48, 4.637, 90.242
-23.473, 4.737, 90.325
-23.467, 4.837, 90.409
-23.461, 4.937, 90.495
-23.455, 5.036, 90.582
-23.449, 5.136, 90.671
-23.444, 5.236, 90.76
-23.439, 5.336, 90.851
-23.434, 5.436, 90.944
-23.43, 5.536, 91.037
-23.426, 5.636, 91.131
-23.422, 5.736, 91.226
-23.418, 5.835, 91.322
-23.415, 5.935, 91.419
-23.412, 6.035, 91.517
-23.409, 6.135, 91.616
-23.407, 6.235, 91.715
-23.404, 6.335, 91.815
-23.402, 6.435, 91.915
-23.4, 6.535, 91.839
-23.399, 6.635, 91.702
-23.397, 6.735, 91.564
-23.396, 6.835, 91.426
-23.395, 6.935, 91.289
-23.395, 7.035, 91.15
-23.394, 7.135, 91.012
-23.394, 7.235, 90.874
-23.441, 7.262, 90.799
-23.532, 7.22, 90.66
-23.623, 7.178, 90.521
-23.713, 7.136, 90.381
-23.804, 7.093, 90.242
-23.895, 7.051, 90.102
-23.985, 7.009, 89.962
-24.076, 6.966, 89.822
-24.166, 6.924, 89.682
-24.257, 6.881, 89.541
-24.347, 6.838, 89.4
-24.437, 6.795, 89.259
-24.528, 6.752, 89.118
-24.618, 6.709, 88.976
-24.708, 6.666, 88.835
-24.798, 6.622, 88.693
-24.888, 6.579, 88.55
-24.978, 6.535, 88.408
-25.068, 6.491, 88.265
-25.158, 6.448, 88.123
-25.248, 6.404, 87.979
-25.338, 6.36, 87.836
-25.427, 6.316, 87.693
-25.517, 6.272, 87.549
-25.607, 6.227, 87.405
-25.696, 6.183, 87.26
-25.786, 6.138, 87.116
-25.875, 6.094, 86.971
-25.965, 6.049, 86.826
-26.054, 6.004, 86.681
-26.144, 5.959, 86.535
-26.233, 5.914, 86.39
-26.322, 5.869, 86.244
-26.411, 5.824, 86.098
-26.5, 5.779, 85.951
-26.59, 5.733, 85.804
-26.679, 5.688, 85.657
-26.768, 5.642, 85.51
-26.857, 5.596, 85.363
-26.945, 5.551, 85.215
-27.034, 5.505, 85.067
-27.123, 5.459, 84.919
-27.212, 5.413, 84.77
-27.301, 5.366, 84.621
-27.389, 5.32, 84.472
-27.478, 5.274, 84.323
-27.566, 5.227, 84.174
-27.655, 5.181, 84.024
-27.743, 5.134, 83.874
-27.832, 5.087, 83.723
-27.92, 5.04, 83.573
-28.008, 4.993, 83.422
-28.096, 4.946, 83.271
-28.185, 4.899, 83.119
-28.273, 4.852, 82.967
-28.361, 4.804, 82.815
-28.449, 4.757, 82.663
-28.537, 4.709, 82.511
-28.625, 4.662, 82.358
-28.713, 4.614, 82.205
-28.8, 4.566, 82.051
-28.888, 4.518, 81.897
-28.976, 4.47, 81.743
-29.063, 4.422, 81.589
-29.151, 4.374, 81.435
-29.239, 4.325, 81.28
-29.326, 4.277, 81.125
-29.414, 4.228, 80.969
-29.501, 4.18, 80.813
-29.588, 4.131, 80.657
-29.676, 4.082, 80.501
-29.763, 4.033, 80.344
-29.85, 3.984, 80.187
-29.937, 3.935, 80.03
-30.024, 3.886, 79.872
-30.111, 3.837, 79.714
-30.198, 3.787, 79.556
-30.285, 3.738, 79.398
-30.372, 3.688, 79.239
-30.459, 3.639, 79.08
-30.545, 3.589, 78.92
-30.632, 3.539, 78.76
-30.719, 3.489, 78.6
-30.805, 3.439, 78.44
-30.892, 3.389, 78.279
-30.978, 3.339, 78.118
-31.064, 3.288, 77.956
-31.151, 3.238, 77.795
-31.237, 3.187, 77.632
-31.323, 3.136, 77.47
-31.409, 3.086, 77.307
-31.496, 3.035, 77.144
-31.582, 2.984, 76.98
-31.668, 2.933, 76.817
-31.754, 2.882, 76.652
-31.839, 2.831, 76.488
-31.925, 2.779, 76.323
-32.011, 2.728, 76.158
-32.097, 2.676, 75.992
-32.182, 2.625, 75.826
-32.268, 2.573, 75.66
-32.353, 2.521, 75.493
-32.439, 2.469, 75.326
-32.524, 2.417, 75.158
-32.61, 2.365, 74.991
-32.695, 2.313, 74.822
-32.78, 2.26, 74.654
-32.865, 2.208, 74.485
-32.95, 2.155, 74.315
-33.035, 2.103, 74.146
-33.12, 2.05, 73.976
-33.205, 1.997, 73.805
-33.29, 1.944, 73.634
-33.375, 1.891, 73.463
-33.46, 1.838, 73.291
-33.544, 1.785, 73.119
-33.629, 1.731, 72.946
-33.713, 1.678, 72.774
-33.798, 1.624, 72.6
-33.882, 1.571, 72.426
-33.966, 1.517, 72.252
-34.051, 1.463, 72.078
-34.135, 1.409, 71.903
-34.219, 1.355, 71.727
-34.303, 1.301, 71.551
-34.387, 1.247, 71.375
-34.471, 1.192, 71.198
-34.555, 1.138, 71.021
-34.638, 1.083, 70.843
-34.722, 1.028, 70.665
-34.806, 0.973, 70.487
-34.889, 0.919, 70.308
-34.973, 0.864, 70.128
-35.056, 0.808, 69.948
-35.14, 0.753, 69.768
-35.223, 0.698, 69.587
-35.306, 0.642, 69.406
-35.389, 0.587, 69.224
-35.472, 0.531, 69.042
-35.555, 0.475, 68.859
-35.638, 0.419, 68.676
-35.721, 0.363, 68.492
-35.804, 0.307, 68.308
-35.886, 0.251, 68.123
-35.969, 0.194, 67.938
-36.052, 0.138, 67.752
-36.134, 0.081, 67.566
-36.216, 0.025, 67.379
-36.299, -0.032, 67.192
-36.381, -0.089, 67.004
-36.463, -0.146, 66.816
-36.545, -0.203, 66.627
-36.627, -0.261, 66.438
-36.709, -0.318, 66.248
-36.791, -0.376, 66.057
-36.872, -0.433, 65.866
-36.954, -0.491, 65.675
-37.036, -0.549, 65.483
-37.117, -0.607, 65.29
-37.198, -0.665, 65.097
-37.28, -0.723, 64.903
-37.361, -0.782, 64.708
-37.442, -0.84, 64.513
-37.523, -0.899, 64.318
-37.604, -0.958, 64.122
-37.685, -1.016, 63.925
-37.765, -1.075, 63.727
-37.846, -1.135, 63.529
-37.927, -1.194, 63.331
-38.007, -1.253, 63.132
-38.087, -1.313, 62.932
-38.168, -1.372, 62.731
-38.248, -1.432, 62.53
-38.328, -1.492, 62.328
-38.408, -1.552, 62.126
-38.488, -1.612, 61.922
-38.567, -1.673, 61.719
-38.647, -1.733, 61.514
-38.727, -1.794, 61.309
-38.806, -1.854, 61.103
-38.885, -1.915, 60.897
-38.965, -1.976, 60.689
-39.044, -2.037, 60.481
-39.123, -2.099, 60.273
-39.202, -2.16, 60.063
-39.281, -2.222, 59.853
-39.359, -2.283, 59.642
-39.438, -2.345, 59.431
-39.516, -2.407, 59.218
-39.595, -2.469, 59.005
-39.673, -2.532, 58.791
-39.751, -2.594, 58.576
-39.829, -2.657, 58.361
-39.907, -2.72, 58.145
-39.985, -2.782, 57.927
-40.062, -2.846, 57.71
-40.14, -2.909, 57.491
-40.217, -2.972, 57.271
-40.294, -3.036, 57.051
-40.371, -3.099, 56.829
-40.448, -3.163, 56.607
-40.525, -3.227, 56.384
-40.602, -3.291, 56.16
-40.678, -3.356, 55.936
-40.755, -3.42, 55.71
-40.831, -3.485, 55.483
-40.907, -3.55, 55.256
-40.983, -3.615, 55.027
-41.059, -3.68, 54.798
-41.135, -3.745, 54.567
-41.21, -3.811, 54.336
-41.286, -3.877, 54.103
-41.361, -3.942, 53.87
-41.436, -4.009, 53.636
-41.511, -4.075, 53.4
-41.585, -4.141, 53.164
-41.66, -4.208, 52.926
-41.734, -4.275, 52.688
-41.809, -4.342, 52.448
-41.883, -4.409, 52.207
-41.957, -4.476, 51.965
-42.03, -4.544, 51.722
-42.104, -4.612, 51.478
-42.177, -4.68, 51.233
-42.25, -4.748, 50.986
-42.323, -4.816, 50.738
-42.396, -4.885, 50.489
-42.469, -4.954, 50.239
-42.541, -5.023, 49.988
-42.613, -5.092, 49.735
-42.685, -5.161, 49.481
-42.757, -5.231, 49.226
-42.828, -5.301, 48.969
-42.9, -5.371, 48.711
-42.971, -5.441, 48.452
-43.042, -5.512, 48.191
-43.112, -5.583, 47.929
-43.183, -5.654, 47.665
-43.253, -5.725, 47.4
-43.323, -5.796, 47.134
-43.393, -5.868, 46.866
-43.462, -5.94, 46.596
-43.531, -6.012, 46.325
-43.6, -6.085, 46.052
-43.669, -6.157, 45.778
-43.737, -6.23, 45.502
-43.805, -6.304, 45.224
-43.873, -6.377, 44.944
-43.94, -6.451, 44.663
-44.008, -6.525, 44.38
-44.075, -6.599, 44.095
-44.141, -6.674, 43.809
-44.207, -6.749, 43.52
-44.273, -6.824, 43.229
-44.339, -6.899, 42.937
-44.404, -6.975, 42.643
-44.469, -7.051, 42.346
-44.534, -7.128, 42.047
-44.598, -7.204, 41.747
-44.662, -7.281, 41.444
-44.725, -7.358, 41.139
-44.788, -7.436, 40.831
-44.851, -7.514, 40.521
-44.913, -7.592, 40.209
-44.975, -7.671, 39.895
-45.037, -7.75, 39.578
-45.098, -7.829, 39.258
-45.158, -7.909, 38.936
-45.218, -7.989, 38.611
-45.278, -8.069, 38.283
-45.337, -8.15, 37.952
-45.395, -8.231, 37.619
-45.453, -8.312, 37.283
-45.511, -8.394, 36.943
-45.568, -8.476, 36.6
-45.624, -8.559, 36.255
-45.68, -8.642, 35.905
-45.735, -8.725, 35.553
-45.79, -8.809, 35.196
-45.844, -8.893, 34.837
-45.897, -8.978, 34.473
-45.95, -9.063, 34.106
-46.001, -9.148, 33.734
-46.053, -9.234, 33.359
-46.103, -9.32, 32.979
-46.153, -9.407, 32.594
-46.202, -9.495, 32.205
-46.25, -9.582, 31.812
-46.297, -9.67, 31.413
-46.343, -9.759, 31.01
-46.388, -9.848, 30.601
-46.433, -9.938, 30.186
-46.476, -10.028, 29.766
-46.518, -10.118, 29.339
-46.56, -10.21, 28.907
-46.6, -10.301, 28.467
-46.639, -10.393, 28.021
-46.677, -10.486, 27.568
-46.714, -10.579, 27.107
-46.749, -10.672, 26.638
-46.783, -10.766, 26.161
-46.816, -10.861, 25.675
-46.847, -10.956, 25.179
-46.877, -11.051, 24.674
-46.905, -11.147, 24.158
-46.932, -11.244, 23.63
-46.957, -11.34, 23.091
-46.98, -11.438, 22.539
-47.002, -11.535, 21.973
-47.021, -11.633, 21.391
-47.039, -11.732, 20.794
-47.055, -11.83, 20.179
-47.068, -11.93, 19.545
-47.08, -12.029, 18.889
-47.089, -12.128, 18.21
-47.096, -12.228, 17.504
-47.101, -12.328, 16.769
-47.104, -12.428, 16
-47.104, -12.475, 0
-47.104, -12.475, 0
-47.226, -32.475, 0
endData
126
100
200
-59.871, 2.42, -58.047, -7.612, -65.342, -26.458, -58.047, -25.242
-58.047, -25.242, -57.439, -12.475, -47.104, -1.228, -33.729, -0.62
-33.729, -0.62, -34.337, -5.788, -24.914, -23.114, -35.249, -23.722
-35.249, -23.722, -26.13, -7.308, -23.394, -1.836, -23.394, 7.283
-23.394, 7.283, -34.641, 2.116, -47.104, -6.7, -47.104, -12.475
#PATH.JERRYIO-DATA {"appVersion":"0.11.0","format":"LemLib v0.5","gc":{"robotWidth":16,"robotHeight":16,"robotIsHolonomic":false,"showRobot":true,"uol":2.54,"pointDensity":0.1,"controlMagnetDistance":1.968503937007874,"fieldImage":{"displayName":"V5RC 2027 - Override","signature":"V5RC-Override-H2H-TopDownHighlighted-TileColor66_71","origin":{"__type":"built-in"}},"coordinateSystem":"VEX Gaming Positioning System"},"paths":[{"segments":[{"controls":[{"uid":"b2QLysczP9","x":-59.8708577062283,"y":2.419638644098181,"lock":true,"visible":true,"heading":180,"__type":"end-point"},{"uid":"0dx6v2PEsi","x":-58.047009482033694,"y":-7.611526588972156,"lock":true,"visible":false,"__type":"control"},{"uid":"FGnmIhAt53","x":-65.34240237881212,"y":-26.457958238983096,"lock":true,"visible":false,"__type":"control"},{"uid":"8Kvn08qM0Z","x":-58.047009482033694,"y":-25.24205942285336,"lock":true,"visible":true,"heading":90,"__type":"end-point"}],"speedProfiles":[],"lookaheadKeyframes":[],"uid":"sSnsTc3ATP"},{"controls":[{"uid":"8Kvn08qM0Z","x":-58.047009482033694,"y":-25.24205942285336,"lock":true,"visible":true,"heading":90,"__type":"end-point"},{"uid":"AglutcTTit","x":-57.439060073968825,"y":-12.475121853491109,"lock":true,"visible":false,"__type":"control"},{"uid":"1uFxM95SKa","x":-47.10392013686605,"y":-1.2280578042910328,"lock":true,"visible":false,"__type":"control"},{"uid":"VFHMryEQOn","x":-33.729033159438934,"y":-0.620108396226164,"lock":true,"visible":true,"heading":90,"__type":"end-point"}],"speedProfiles":[],"lookaheadKeyframes":[],"uid":"LRkNOdLC4M"},{"controls":[{"uid":"VFHMryEQOn","x":-33.729033159438934,"y":-0.620108396226164,"lock":true,"visible":true,"heading":90,"__type":"end-point"},{"uid":"tSvtnC9SvQ","x":-34.3369825675038,"y":-5.78767836477755,"lock":true,"visible":false,"__type":"control"},{"uid":"Vc2I0GZtUi","x":-24.913766742498332,"y":-23.114236494626315,"lock":true,"visible":false,"__type":"control"},{"uid":"doObWSBKDZ","x":-35.248906679601106,"y":-23.722185902691184,"lock":true,"visible":true,"heading":270,"__type":"end-point"}],"speedProfiles":[],"lookaheadKeyframes":[],"uid":"ZZkYiF2piB"},{"controls":[{"uid":"doObWSBKDZ","x":-35.248906679601106,"y":-23.722185902691184,"lock":true,"visible":true,"heading":270,"__type":"end-point"},{"uid":"P27t0SPwf2","x":-26.12966555862807,"y":-7.3075518849397225,"lock":true,"visible":false,"__type":"control"},{"uid":"IDb52MnS2v","x":-23.39389322233616,"y":-1.8360072123559013,"lock":true,"visible":false,"__type":"control"},{"uid":"V1gF4NI7Ps","x":-23.39389322233616,"y":7.283233908617133,"lock":true,"visible":true,"heading":0,"__type":"end-point"}],"speedProfiles":[],"lookaheadKeyframes":[],"uid":"12Jp5GIBoE"},{"controls":[{"uid":"V1gF4NI7Ps","x":-23.39389322233616,"y":7.283233908617133,"lock":true,"visible":true,"heading":0,"__type":"end-point"},{"uid":"73uXcvBmNW","x":-34.64095727153624,"y":2.115663940065746,"lock":true,"visible":false,"__type":"control"},{"uid":"YTf5qk2DrO","x":-47.10392013686605,"y":-6.699602476874854,"lock":true,"visible":false,"__type":"control"},{"uid":"QCZdCLEDCQ","x":-47.10392013686605,"y":-12.475121853491109,"lock":true,"visible":true,"heading":180,"__type":"end-point"}],"speedProfiles":[],"lookaheadKeyframes":[],"uid":"hbrinAuOvb"}],"pc":{"speedLimit":{"minLimit":{"value":0,"label":"0"},"maxLimit":{"value":127,"label":"127"},"step":1,"from":16,"to":100},"bentRateApplicableRange":{"minLimit":{"value":0,"label":"0"},"maxLimit":{"value":1,"label":"1"},"step":0.001,"from":0,"to":0.1},"maxDecelerationRate":126},"name":"Path","uid":"WjgXI95XFZ","lock":false,"visible":true}]}