-35.249, -23.722, 94.387
-35.2, -23.635, 94.253
-35.152, -23.547, 94.118
-35.103, -23.46, 93.983
-35.055, -23.372, 93.848
-35.006, -23.285, 93.712
-34.958, -23.197, 93.577
-34.909, -23.11, 93.441
-34.861, -23.023, 93.305
-34.812, -22.935, 93.169
-34.764, -22.848, 93.032
-34.715, -22.76, 92.896
-34.667, -22.673, 92.759
-34.618, -22.585, 92.622
-34.57, -22.498, 92.485
-34.521, -22.41, 92.347
-34.473, -22.323, 92.21
-34.424, -22.236, 92.072
-34.376, -22.148, 91.934
-34.327, -22.061, 91.795
-34.279, -21.973, 91.657
-34.23, -21.886, 91.518
-34.182, -21.798, 91.379
-34.133, -21.711, 91.24
-34.085, -21.623, 91.101
-34.037, -21.536, 90.962
-33.988, -21.448, 90.822
-33.94, -21.361, 90.682
-33.891, -21.273, 90.542
-33.843, -21.186, 90.401
-33.795, -21.098, 90.261
-33.746, -21.011, 90.12
-33.698, -20.923, 89.979
-33.65, -20.835, 89.838
-33.601, -20.748, 89.696
-33.553, -20.66, 89.554
-33.505, -20.573, 89.413
-33.457, -20.485, 89.27
-33.408, -20.398, 89.128
-33.36, -20.31, 88.985
-33.312, -20.222, 88.843
-33.263, -20.135, 88.699
-33.215, -20.047, 88.556
-33.167, -19.96, 88.413
-33.119, -19.872, 88.269
-33.071, -19.784, 88.125
-33.022, -19.697, 87.981
-32.974, -19.609, 87.836
-32.926, -19.521, 87.691
-32.878, -19.434, 87.547
-32.83, -19.346, 87.401
-32.782, -19.259, 87.256
-32.734, -19.171, 87.11
-32.686, -19.083, 86.964
-32.638, -18.995, 86.818
-32.59, -18.908, 86.672
-32.541, -18.82, 86.525
-32.493, -18.732, 86.378
-32.445, -18.645, 86.231
-32.398, -18.557, 86.084
-32.35, -18.469, 85.936
-32.302, -18.381, 85.788
-32.254, -18.294, 85.64
-32.206, -18.206, 85.492
-32.158, -18.118, 85.343
-32.11, -18.03, 85.194
-32.062, -17.942, 85.045
-32.014, -17.855, 84.895
-31.967, -17.767, 84.745
-31.919, -17.679, 84.595
-31.871, -17.591, 84.445
-31.823, -17.503, 84.295
-31.776, -17.415, 84.144
-31.728, -17.327, 83.993
-31.68, -17.239, 83.842
-31.633, -17.152, 83.69
-31.585, -17.064, 83.538
-31.537, -16.976, 83.386
-31.49, -16.888, 83.233
-31.442, -16.8, 83.081
-31.395, -16.712, 82.928
-31.347, -16.624, 82.774
-31.3, -16.536, 82.621
-31.252, -16.448, 82.467
-31.205, -16.36, 82.313
-31.157, -16.272, 82.158
-31.11, -16.184, 82.004
-31.063, -16.096, 81.849
-31.015, -16.007, 81.693
-30.968, -15.919, 81.538
-30.921, -15.831, 81.382
-30.874, -15.743, 81.226
-30.826, -15.655, 81.069
-30.779, -15.567, 80.912
-30.732, -15.478, 80.755
-30.685, -15.39, 80.598
-30.638, -15.302, 80.44
-30.591, -15.214, 80.282
-30.544, -15.125, 80.124
-30.497, -15.037, 79.965
-30.45, -14.949, 79.806
-30.403, -14.861, 79.647
-30.356, -14.772, 79.487
-30.31, -14.684, 79.327
-30.263, -14.595, 79.167
-30.216, -14.507, 79.006
-30.169, -14.419, 78.845
-30.123, -14.33, 78.684
-30.076, -14.242, 78.523
-30.029, -14.153, 78.361
-29.983, -14.065, 78.198
-29.936, -13.976, 78.036
-29.89, -13.888, 77.873
-29.844, -13.799, 77.71
-29.797, -13.71, 77.546
-29.751, -13.622, 77.382
-29.705, -13.533, 77.218
-29.658, -13.444, 77.053
-29.612, -13.356, 76.888
-29.566, -13.267, 76.723
-29.52, -13.178, 76.557
-29.474, -13.09, 76.391
-29.428, -13.001, 76.225
-29.382, -12.912, 76.058
-29.336, -12.823, 75.891
-29.29, -12.734, 75.723
-29.245, -12.645, 75.555
-29.199, -12.556, 75.387
-29.153, -12.467, 75.218
-29.108, -12.378, 75.049
-29.062, -12.289, 74.88
-29.017, -12.2, 74.71
-28.971, -12.111, 74.54
-28.926, -12.022, 74.369
-28.881, -11.933, 74.198
-28.835, -11.844, 74.027
-28.79, -11.754, 73.855
-28.745, -11.665, 73.683
-28.7, -11.576, 73.511
-28.655, -11.487, 73.338
-28.61, -11.397, 73.164
-28.565, -11.308, 72.99
-28.521, -11.218, 72.816
-28.476, -11.129, 72.642
-28.431, -11.039, 72.467
-28.387, -10.95, 72.291
-28.342, -10.86, 72.115
-28.298, -10.771, 71.939
-28.254, -10.681, 71.762
-28.209, -10.591, 71.585
-28.165, -10.502, 71.407
-28.121, -10.412, 71.229
-28.077, -10.322, 71.051
-28.033, -10.232, 70.872
-27.989, -10.142, 70.692
-27.946, -10.053, 70.512
-27.902, -9.963, 70.332
-27.858, -9.873, 70.151
-27.815, -9.782, 69.97
-27.772, -9.692, 69.788
-27.728, -9.602, 69.606
-27.685, -9.512, 69.423
-27.642, -9.422, 69.24
-27.599, -9.332, 69.056
-27.556, -9.241, 68.872
-27.513, -9.151, 68.688
-27.471, -9.06, 68.503
-27.428, -8.97, 68.317
-27.385, -8.879, 68.131
-27.343, -8.789, 67.944
-27.301, -8.698, 67.757
-27.259, -8.608, 67.569
-27.217, -8.517, 67.381
-27.175, -8.426, 67.192
-27.133, -8.335, 67.003
-27.091, -8.244, 66.813
-27.049, -8.153, 66.623
-27.008, -8.062, 66.432
-26.967, -7.971, 66.24
-26.925, -7.88, 66.048
-26.884, -7.789, 65.856
-26.843, -7.698, 65.663
-26.803, -7.607, 65.469
-26.762, -7.515, 65.275
-26.721, -7.424, 65.08
-26.681, -7.332, 64.885
-26.641, -7.241, 64.688
-26.6, -7.149, 64.492
-26.56, -7.058, 64.295
-26.52, -6.966, 64.097
-26.481, -6.874, 63.898
-26.441, -6.782, 63.699
-26.402, -6.69, 63.5
-26.362, -6.598, 63.299
-26.323, -6.506, 63.098
-26.284, -6.414, 62.897
-26.246, -6.322, 62.694
-26.207, -6.23, 62.492
-26.169, -6.138, 62.288
-26.13, -6.045, 62.084
-26.092, -5.953, 61.879
-26.054, -5.86, 61.673
-26.016, -5.768, 61.467
-25.979, -5.675, 61.26
-25.941, -5.582, 61.052
-25.904, -5.489, 60.844
-25.867, -5.397, 60.635
-25.83, -5.304, 60.425
-25.793, -5.211, 60.215
-25.757, -5.117, 60.003
-25.721, -5.024, 59.791
-25.685, -4.931, 59.579
-25.649, -4.838, 59.365
-25.613, -4.744, 59.151
-25.578, -4.651, 58.936
-25.542, -4.557, 58.72
-25.507, -4.464, 58.503
-25.472, -4.37, 58.285
-25.438, -4.276, 58.067
-25.403, -4.182, 57.848
-25.369, -4.088, 57.628
-25.335, -3.994, 57.407
-25.301, -3.9, 57.186
-25.268, -3.806, 56.963
-25.235, -3.711, 56.74
-25.202, -3.617, 56.515
-25.169, -3.523, 56.29
-25.136, -3.428, 56.064
-25.104, -3.333, 55.837
-25.072, -3.239, 55.609
-25.04, -3.144, 55.38
-25.008, -3.049, 55.151
-24.977, -2.954, 54.92
-24.946, -2.859, 54.688
-24.915, -2.764, 54.455
-24.885, -2.669, 54.222
-24.854, -2.573, 53.987
-24.824, -2.478, 53.751
-24.795, -2.383, 53.514
-24.765, -2.287, 53.277
-24.736, -2.191, 53.038
-24.707, -2.096, 52.798
-24.678, -2, 52.557
-24.65, -1.904, 52.314
-24.622, -1.808, 52.071
-24.594, -1.712, 51.827
-24.567, -1.616, 51.581
-24.54, -1.519, 51.334
-24.513, -1.423, 51.086
-24.486, -1.327, 50.837
-24.46, -1.23, 50.587
-24.434, -1.134, 50.335
-24.408, -1.037, 50.082
-24.383, -0.94, 49.828
-24.358, -0.843, 49.572
-24.333, -0.747, 49.315
-24.309, -0.65, 49.057
-24.284, -0.553, 48.798
-24.261, -0.455, 48.537
-24.237, -0.358, 48.274
-24.214, -0.261, 48.01
-24.191, -0.164, 47.745
-24.169, -0.066, 47.478
-24.146, 0.031, 47.21
-24.125, 0.129, 46.94
-24.103, 0.227, 46.669
-24.082, 0.324, 46.396
-24.061, 0.422, 46.122
-24.04, 0.52, 45.845
-24.02, 0.618, 45.568
-24, 0.716, 45.288
-23.981, 0.814, 45.007
-23.962, 0.912, 44.724
-23.943, 1.01, 44.439
-23.924, 1.109, 44.152
-23.906, 1.207, 43.863
-23.888, 1.305, 43.573
-23.871, 1.404, 43.28
-23.853, 1.502, 42.986
-23.836, 1.601, 42.69
-23.82, 1.699, 42.391
-23.804, 1.798, 42.09
-23.788, 1.897, 41.788
-23.772, 1.996, 41.483
-23.757, 2.095, 41.175
-23.742, 2.193, 40.866
-23.728, 2.292, 40.554
-23.714, 2.391, 40.239
-23.7, 2.49, 39.922
-23.686, 2.589, 39.603
-23.673, 2.689, 39.281
-23.66, 2.788, 38.956
-23.648, 2.887, 38.629
-23.636, 2.986, 38.299
-23.624, 3.086, 37.966
-23.612, 3.185, 37.63
-23.601, 3.284, 37.291
-23.59, 3.384, 36.949
-23.58, 3.483, 36.603
-23.569, 3.583, 36.255
-23.559, 3.682, 35.903
-23.55, 3.782, 35.547
-23.541, 3.881, 35.188
-23.532, 3.981, 34.825
-23.523, 4.08, 34.459
-23.515, 4.18, 34.088
-23.506, 4.28, 33.713
-23.499, 4.379, 33.335
-23.491, 4.479, 32.951
-23.484, 4.579, 32.564
-23.477, 4.679, 32.171
-23.471, 4.778, 31.774
-23.464, 4.878, 31.372
-23.458, 4.978, 30.964
-23.453, 5.078, 30.552
-23.447, 5.178, 30.133
-23.442, 5.278, 29.709
-23.437, 5.377, 29.278
-23.433, 5.477, 28.841
-23.428, 5.577, 28.397
-23.424, 5.677, 27.946
-23.421, 5.777, 27.488
-23.417, 5.877, 27.022
-23.414, 5.977, 26.548
-23.411, 6.077, 26.065
-23.408, 6.177, 25.573
-23.406, 6.277, 25.072
-23.403, 6.377, 24.56
-23.401, 6.477, 24.037
-23.4, 6.577, 23.503
-23.398, 6.677, 22.956
-23.397, 6.777, 22.396
-23.396, 6.877, 21.822
-23.395, 6.977, 21.232
-23.394, 7.077, 20.625
-23.394, 7.177, 20
-23.394, 7.283, 0
-23.394, 7.283, 0
-23.37, 27.283, 0
endData
127
100
200
-35.249, -23.722, -26.13, -7.308, -23.394, -1.836, -23.394, 7.283
#PATH.JERRYIO-DATA {"appVersion":"0.11.0","format":"LemLib v0.5","gc":{"robotWidth":16,"robotHeight":16,"robotIsHolonomic":false,"showRobot":false,"uol":2.54,"pointDensity":0.1,"controlMagnetDistance":1.968503937007874,"fieldImage":{"displayName":"V5RC 2027 - Override","signature":"V5RC-Override-H2H-TopDownHighlighted-TileColor66_71","origin":{"__type":"built-in"}},"coordinateSystem":"VEX Gaming Positioning System"},"paths":[{"segments":[{"controls":[{"uid":"ie2G1FWxgV","x":-35.249,"y":-23.722,"lock":false,"visible":true,"heading":270,"__type":"end-point"},{"uid":"clsrmgAlUB","x":-26.13,"y":-7.308,"lock":false,"visible":true,"__type":"control"},{"uid":"WSvduXp5Ro","x":-23.394,"y":-1.836,"lock":false,"visible":true,"__type":"control"},{"uid":"mut769aOyJ","x":-23.394,"y":7.283,"lock":false,"visible":true,"heading":0,"__type":"end-point"}],"speedProfiles":[],"lookaheadKeyframes":[],"uid":"t09038A795"}],"pc":{"speedLimit":{"minLimit":{"value":0,"label":"0"},"maxLimit":{"value":127,"label":"127"},"step":1,"from":20,"to":100},"bentRateApplicableRange":{"minLimit":{"value":0,"label":"0"},"maxLimit":{"value":1,"label":"1"},"step":0.001,"from":0,"to":0.1},"maxDecelerationRate":127},"name":"Path","uid":"6ixm9S7URy","lock":false,"visible":true}]}