-58.047, -25.242, 87.421
-58.042, -25.142, 87.426
-58.037, -25.042, 87.431
-58.031, -24.942, 87.436
-58.025, -24.843, 87.441
-58.018, -24.743, 87.446
-58.011, -24.643, 87.451
-58.004, -24.543, 87.456
-57.996, -24.444, 87.462
-57.988, -24.344, 87.467
-57.98, -24.244, 87.472
-57.971, -24.145, 87.478
-57.961, -24.045, 87.484
-57.952, -23.946, 87.49
-57.941, -23.846, 87.495
-57.931, -23.747, 87.501
-57.92, -23.647, 87.507
-57.909, -23.548, 87.516
-57.897, -23.449, 87.523
-57.885, -23.349, 87.529
-57.872, -23.25, 87.535
-57.86, -23.151, 87.541
-57.846, -23.052, 87.548
-57.833, -22.953, 87.554
-57.819, -22.854, 87.561
-57.804, -22.755, 87.567
-57.789, -22.656, 87.574
-57.774, -22.557, 87.58
-57.758, -22.458, 87.587
-57.742, -22.36, 87.594
-57.726, -22.261, 87.601
-57.709, -22.162, 87.611
-57.692, -22.064, 87.618
-57.675, -21.965, 87.625
-57.657, -21.867, 87.631
-57.638, -21.769, 87.638
-57.62, -21.671, 87.645
-57.6, -21.572, 87.652
-57.581, -21.474, 87.659
-57.561, -21.376, 87.666
-57.541, -21.278, 87.673
-57.52, -21.181, 87.68
-57.499, -21.083, 87.687
-57.478, -20.985, 87.695
-57.456, -20.887, 87.705
-57.434, -20.79, 87.712
-57.411, -20.693, 87.719
-57.388, -20.595, 87.726
-57.365, -20.498, 87.734
-57.341, -20.401, 87.741
-57.317, -20.304, 87.748
-57.293, -20.207, 87.755
-57.268, -20.11, 87.762
-57.243, -20.013, 87.769
-57.217, -19.916, 87.776
-57.191, -19.82, 87.786
-57.165, -19.723, 87.793
-57.138, -19.627, 87.8
-57.111, -19.531, 87.807
-57.084, -19.435, 87.814
-57.056, -19.339, 87.821
-57.028, -19.243, 87.828
-56.999, -19.147, 87.835
-56.971, -19.051, 87.842
-56.941, -18.955, 87.849
-56.912, -18.86, 87.856
-56.882, -18.764, 87.862
-56.851, -18.669, 87.872
-56.82, -18.574, 87.879
-56.789, -18.479, 87.886
-56.758, -18.384, 87.892
-56.726, -18.289, 87.899
-56.694, -18.195, 87.905
-56.661, -18.1, 87.912
-56.628, -18.006, 87.918
-56.595, -17.911, 87.925
-56.561, -17.817, 87.931
-56.527, -17.723, 87.94
-56.493, -17.629, 87.946
-56.458, -17.536, 87.953
-56.423, -17.442, 87.959
-56.388, -17.348, 87.965
-56.352, -17.255, 87.971
-56.316, -17.162, 87.977
-56.279, -17.069, 87.982
-56.242, -16.976, 87.988
-56.205, -16.883, 87.994
-56.167, -16.79, 88
-56.129, -16.698, 88.008
-56.091, -16.605, 87.981
-56.052, -16.513, 87.836
-56.013, -16.421, 87.691
-55.974, -16.329, 87.547
-55.934, -16.237, 87.401
-55.894, -16.146, 87.256
-55.854, -16.054, 87.11
-55.813, -15.963, 86.964
-55.772, -15.872, 86.818
-55.731, -15.781, 86.672
-55.689, -15.69, 86.525
-55.647, -15.599, 86.378
-55.604, -15.509, 86.231
-55.562, -15.418, 86.084
-55.518, -15.328, 85.936
-55.475, -15.238, 85.788
-55.431, -15.148, 85.64
-55.387, -15.058, 85.491
-55.342, -14.969, 85.343
-55.298, -14.879, 85.194
-55.252, -14.79, 85.045
-55.207, -14.701, 84.895
-55.161, -14.612, 84.745
-55.115, -14.524, 84.595
-55.068, -14.435, 84.445
-55.021, -14.347, 84.295
-54.974, -14.259, 84.144
-54.927, -14.171, 83.993
-54.879, -14.083, 83.841
-54.831, -13.995, 83.69
-54.782, -13.908, 83.538
-54.733, -13.821, 83.386
-54.684, -13.733, 83.233
-54.635, -13.647, 83.081
-54.585, -13.56, 82.928
-54.535, -13.473, 82.774
-54.484, -13.387, 82.621
-54.433, -13.301, 82.467
-54.382, -13.215, 82.313
-54.331, -13.129, 82.158
-54.279, -13.044, 82.004
-54.227, -12.958, 81.849
-54.175, -12.873, 81.693
-54.122, -12.788, 81.538
-54.069, -12.703, 81.382
-54.015, -12.619, 81.226
-53.962, -12.534, 81.069
-53.908, -12.45, 80.912
-53.853, -12.366, 80.755
-53.799, -12.283, 80.598
-53.744, -12.199, 80.44
-53.689, -12.116, 80.282
-53.633, -12.032, 80.124
-53.577, -11.95, 79.965
-53.521, -11.867, 79.806
-53.464, -11.784, 79.647
-53.408, -11.702, 79.487
-53.351, -11.62, 79.327
-53.293, -11.538, 79.167
-53.235, -11.456, 79.006
-53.177, -11.375, 78.845
-53.119, -11.294, 78.684
-53.06, -11.213, 78.523
-53.001, -11.132, 78.361
-52.942, -11.051, 78.198
-52.883, -10.971, 78.036
-52.823, -10.891, 77.873
-52.763, -10.811, 77.71
-52.702, -10.731, 77.546
-52.641, -10.652, 77.382
-52.58, -10.573, 77.218
-52.519, -10.494, 77.053
-52.457, -10.415, 76.888
-52.395, -10.337, 76.723
-52.333, -10.258, 76.557
-52.271, -10.18, 76.391
-52.208, -10.102, 76.225
-52.145, -10.025, 76.058
-52.081, -9.948, 75.891
-52.018, -9.87, 75.723
-51.954, -9.794, 75.555
-51.889, -9.717, 75.387
-51.825, -9.641, 75.218
-51.76, -9.564, 75.049
-51.695, -9.489, 74.88
-51.63, -9.413, 74.71
-51.564, -9.338, 74.54
-51.498, -9.262, 74.369
-51.432, -9.187, 74.198
-51.365, -9.113, 74.027
-51.298, -9.038, 73.855
-51.231, -8.964, 73.683
-51.164, -8.89, 73.511
-51.096, -8.817, 73.338
-51.028, -8.743, 73.164
-50.96, -8.67, 72.99
-50.891, -8.597, 72.816
-50.823, -8.525, 72.642
-50.754, -8.452, 72.467
-50.684, -8.38, 72.291
-50.615, -8.309, 72.115
-50.545, -8.237, 71.939
-50.475, -8.166, 71.762
-50.404, -8.095, 71.585
-50.334, -8.024, 71.407
-50.263, -7.953, 71.229
-50.192, -7.883, 71.051
-50.12, -7.813, 70.872
-50.048, -7.744, 70.692
-49.976, -7.674, 70.512
-49.904, -7.605, 70.332
-49.832, -7.536, 70.151
-49.759, -7.468, 69.97
-49.686, -7.399, 69.788
-49.613, -7.331, 69.606
-49.539, -7.264, 69.423
-49.465, -7.196, 69.24
-49.391, -7.129, 69.056
-49.317, -7.062, 68.872
-49.242, -6.995, 68.688
-49.167, -6.929, 68.503
-49.092, -6.863, 68.317
-49.017, -6.797, 68.131
-48.941, -6.732, 67.944
-48.866, -6.667, 67.757
-48.789, -6.602, 67.569
-48.713, -6.537, 67.381
-48.637, -6.473, 67.192
-48.56, -6.409, 67.003
-48.483, -6.345, 66.813
-48.405, -6.282, 66.623
-48.328, -6.218, 66.432
-48.25, -6.156, 66.24
-48.172, -6.093, 66.048
-48.094, -6.031, 65.856
-48.015, -5.969, 65.663
-47.936, -5.907, 65.469
-47.857, -5.846, 65.275
-47.778, -5.785, 65.08
-47.699, -5.724, 64.884
-47.619, -5.664, 64.688
-47.539, -5.604, 64.492
-47.459, -5.544, 64.295
-47.378, -5.485, 64.097
-47.298, -5.425, 63.898
-47.217, -5.367, 63.699
-47.136, -5.308, 63.5
-47.055, -5.25, 63.299
-46.973, -5.192, 63.098
-46.891, -5.134, 62.897
-46.809, -5.077, 62.694
-46.727, -5.02, 62.492
-46.645, -4.963, 62.288
-46.562, -4.907, 62.084
-46.479, -4.851, 61.879
-46.396, -4.795, 61.673
-46.313, -4.74, 61.467
-46.229, -4.685, 61.26
-46.146, -4.63, 61.052
-46.062, -4.576, 60.844
-45.978, -4.522, 60.635
-45.893, -4.468, 60.425
-45.809, -4.415, 60.215
-45.724, -4.362, 60.003
-45.639, -4.309, 59.791
-45.554, -4.257, 59.578
-45.468, -4.205, 59.365
-45.383, -4.153, 59.151
-45.297, -4.102, 58.936
-45.211, -4.051, 58.72
-45.125, -4, 58.503
-45.038, -3.95, 58.285
-44.952, -3.9, 58.067
-44.865, -3.85, 57.848
-44.778, -3.801, 57.628
-44.691, -3.752, 57.407
-44.603, -3.703, 57.186
-44.516, -3.655, 56.963
-44.428, -3.607, 56.74
-44.34, -3.559, 56.515
-44.252, -3.512, 56.29
-44.164, -3.465, 56.064
-44.075, -3.419, 55.837
-43.986, -3.372, 55.609
-43.898, -3.327, 55.38
-43.808, -3.281, 55.151
-43.719, -3.236, 54.92
-43.63, -3.191, 54.688
-43.54, -3.147, 54.455
-43.45, -3.103, 54.222
-43.36, -3.059, 53.987
-43.27, -3.016, 53.751
-43.18, -2.973, 53.514
-43.09, -2.93, 53.277
-42.999, -2.888, 53.038
-42.908, -2.846, 52.798
-42.817, -2.804, 52.557
-42.726, -2.763, 52.314
-42.635, -2.723, 52.071
-42.543, -2.682, 51.827
-42.452, -2.642, 51.581
-42.36, -2.602, 51.334
-42.268, -2.563, 51.086
-42.176, -2.524, 50.837
-42.084, -2.485, 50.587
-41.991, -2.447, 50.335
-41.899, -2.409, 50.082
-41.806, -2.372, 49.828
-41.713, -2.335, 49.572
-41.62, -2.298, 49.315
-41.527, -2.262, 49.057
-41.434, -2.226, 48.798
-41.34, -2.19, 48.537
-41.247, -2.155, 48.274
-41.153, -2.12, 48.01
-41.059, -2.086, 47.745
-40.965, -2.052, 47.478
-40.871, -2.018, 47.21
-40.776, -1.985, 46.94
-40.682, -1.952, 46.669
-40.587, -1.919, 46.396
-40.493, -1.887, 46.122
-40.398, -1.855, 45.845
-40.303, -1.824, 45.568
-40.208, -1.793, 45.288
-40.113, -1.762, 45.007
-40.017, -1.732, 44.724
-39.922, -1.702, 44.439
-39.826, -1.673, 44.152
-39.731, -1.644, 43.863
-39.635, -1.615, 43.573
-39.539, -1.587, 43.28
-39.443, -1.559, 42.986
-39.347, -1.531, 42.69
-39.251, -1.504, 42.391
-39.154, -1.477, 42.09
-39.058, -1.451, 41.788
-38.961, -1.425, 41.483
-38.865, -1.399, 41.175
-38.768, -1.374, 40.866
-38.671, -1.349, 40.554
-38.574, -1.325, 40.239
-38.477, -1.301, 39.922
-38.38, -1.278, 39.603
-38.282, -1.254, 39.281
-38.185, -1.232, 38.956
-38.088, -1.209, 38.629
-37.99, -1.187, 38.299
-37.892, -1.166, 37.966
-37.795, -1.144, 37.63
-37.697, -1.124, 37.291
-37.599, -1.103, 36.949
-37.501, -1.083, 36.603
-37.403, -1.064, 36.255
-37.305, -1.044, 35.903
-37.207, -1.026, 35.547
-37.108, -1.007, 35.188
-37.01, -0.989, 34.825
-36.911, -0.972, 34.459
-36.813, -0.954, 34.088
-36.714, -0.938, 33.713
-36.616, -0.921, 33.335
-36.517, -0.905, 32.951
-36.418, -0.89, 32.564
-36.319, -0.874, 32.171
-36.22, -0.86, 31.774
-36.122, -0.845, 31.372
-36.022, -0.831, 30.964
-35.923, -0.818, 30.552
-35.824, -0.804, 30.133
-35.725, -0.792, 29.709
-35.626, -0.779, 29.278
-35.527, -0.767, 28.841
-35.427, -0.756, 28.397
-35.328, -0.744, 27.946
-35.228, -0.734, 27.488
-35.129, -0.723, 27.022
-35.03, -0.713, 26.548
-34.93, -0.704, 26.065
-34.83, -0.695, 25.573
-34.731, -0.686, 25.072
-34.631, -0.677, 24.56
-34.531, -0.669, 24.037
-34.432, -0.662, 23.503
-34.332, -0.655, 22.956
-34.232, -0.648, 22.396
-34.132, -0.642, 21.822
-34.033, -0.636, 21.232
-33.933, -0.63, 20.625
-33.833, -0.625, 20
-33.729, -0.62, 0
-33.729, -0.62, 0
-13.752, 0.332, 0
endData
127
100
200
-58.047, -25.242, -57.439, -12.475, -47.104, -1.228, -33.729, -0.62
#PATH.JERRYIO-DATA {"appVersion":"0.11.0","format":"LemLib v0.5","gc":{"robotWidth":12,"robotHeight":12,"robotIsHolonomic":false,"showRobot":false,"uol":2.54,"pointDensity":0.1,"controlMagnetDistance":1.968503937007874,"fieldImage":{"displayName":"V5RC 2027 - Override","signature":"V5RC-Override-H2H-TopDownHighlighted-TileColor66_71","origin":{"__type":"built-in"}},"coordinateSystem":"VEX Gaming Positioning System"},"paths":[{"segments":[{"controls":[{"uid":"GpM9HlVVIc","x":-58.047,"y":-25.242,"lock":false,"visible":true,"heading":90,"__type":"end-point"},{"uid":"kmkxCd9Sc2","x":-57.439,"y":-12.475,"lock":false,"visible":true,"__type":"control"},{"uid":"TeeKmHXMih","x":-47.104,"y":-1.228,"lock":false,"visible":true,"__type":"control"},{"uid":"Cv6Ur9LB4M","x":-33.729,"y":-0.62,"lock":false,"visible":true,"heading":90,"__type":"end-point"}],"speedProfiles":[],"lookaheadKeyframes":[],"uid":"uFAljq5ald"}],"pc":{"speedLimit":{"minLimit":{"value":0,"label":"0"},"maxLimit":{"value":127,"label":"127"},"step":1,"from":20,"to":100},"bentRateApplicableRange":{"minLimit":{"value":0,"label":"0"},"maxLimit":{"value":1,"label":"1"},"step":0.001,"from":0,"to":0.1},"maxDecelerationRate":127},"name":"Path","uid":"UVCrME2bOB","lock":false,"visible":true}]}